0 -34.89536483751937 -56.165199279785156
1 -34.88663500030195 -56.13893508911133
2 -34.8702992654236 -56.167945861816406
3 -34.87015842600913 -56.17481231689453
4 -34.8913520436709 -56.18657112121582
5 -34.9055015488511 -56.18511199951172
6 -34.897828736610464 -56.16442680358887
7 -34.91113251452425 -56.163225173950195
8 -34.91444052676585 -56.15318298339844
9 -34.89177445225364 -56.13189697265625
10 -34.90092610489535 -56.13790512084961
11 -34.903319445838896 -56.15592956542969
12 -34.90254513728377 -56.16408348083496
13 -34.901770821427974 -56.17489814758301
14 -34.90198199920359 -56.140737533569336
15 -34.91148443705626 -56.15129470825195
16 -34.89360486434905 -56.1331844329834
17 -34.89318246517753 -56.12932205200195
18 -34.89571682762866 -56.14296913146973
19 -34.88916956472911 -56.147775650024414
20 -34.88184727641426 -56.152238845825195
21 -34.87600305896875 -56.15232467651367
22 -34.8913520436709 -56.1551570892334
23 -34.87945330987425 -56.14743232727051
24 -34.889521581382866 -56.160221099853516
25 -34.885156468282126 -56.1661434173584
26 -34.87628471753238 -56.17927551269531
27 -34.86297529599111 -56.168975830078125
28 -34.86811622738973 -56.16253852844238
29 -34.872552663245514 -56.20227813720703
30 -34.887268648738186 -56.110267639160156
31 -34.88564931524457 -56.099281311035156
32 -34.883396276430155 -56.0837459564209
33 -34.85776361287335 -56.17609977722168
34 -34.87093303980329 -56.182193756103516
35 -34.87156680929775 -56.19060516357422
36 -34.89578722546952 -56.18227958679199
37 -34.89916625088092 -56.191205978393555
38 -34.90592388467208 -56.16382598876953
39 -34.892478461732 -56.15884780883789
40 -34.88283300707507 -56.143226623535156
41 -34.884522803558596 -56.18365287780762
42 -34.87931248614159 -56.18090629577637
43 -34.906135051768 -56.1936092376709
44 -34.899940591293 -56.176185607910156
45 -34.89723036791177 -56.17090702056885
46 -34.899659013806016 -56.169705390930176
47 -34.903389837163694 -56.17936134338379
48 -34.901700428715436 -56.18064880371094
49 -34.9035306196323 -56.18528366088867
50 -34.90419933306227 -56.19373798370361
51 -34.90219317643617 -56.16914749145508
52 -34.906135051768 -56.18064880371094
53 -34.904023356371816 -56.17528438568115
54 -34.90328425015386 -56.16910457611084
55 -34.90694452060488 -56.17605686187744
56 -34.90757801238917 -56.173224449157715
57 -34.90937287923578 -56.16828918457031
58 -34.90719087910176 -56.16863250732422
59 -34.91211789381226 -56.159749031066895
60 -34.90873940129963 -56.15365505218506
61 -34.89803992452221 -56.157732009887695
62 -34.89585762325005 -56.15936279296875
63 -34.90286190075692 -56.161208152770996
64 -34.8795237216501 -56.173095703125
65 -34.875932644177055 -56.16717338562012
66 -34.88818391007524 -56.165714263916016
67 -34.88888795032023 -56.171464920043945
68 -34.88931037157159 -56.17936134338379
69 -34.896350406024524 -56.15086555480957
70 -34.898603089632225 -56.15335464477539
71 -34.90289709662297 -56.14863395690918
72 -34.90585349551942 -56.136531829833984
73 -34.90740204293935 -56.14434242248535